 time                    v(in)                   v(out)                 
 1.1413123800396007e-05  7.1649326244872058e-01  4.0747141587973365e-03 
 1.3405115792387998e-05  8.4127275498834897e-01  5.6165903743522951e-03 
 1.5397107784379988e-05  9.6592046250155705e-01  7.4035795458556519e-03 
 1.7389099776371978e-05  1.0904168589769172e+00  9.4349122140938279e-03 
 1.9381091768363968e-05  1.2147424421058122e+00  1.1709781617712118e-02 
 2.1373083760355958e-05  1.3388777363374647e+00  1.4227343817654935e-02 
 2.3365075752347948e-05  1.4628032959297743e+00  1.6986717827433762e-02 
 2.5357067744339938e-05  1.5864997079954835e+00  1.9986985749202418e-02 
 2.7349059736331928e-05  1.7099475955432002e+00  2.3227192915618332e-02 
 2.9341051728323918e-05  1.8331276205127933e+00  2.6706348037467586e-02 
 3.1333043720315908e-05  1.9560204868046944e+00  3.0423423357030535e-02 
 3.3325035712307898e-05  2.0786069433026211e+00  3.4377354807164077e-02 
 3.5317027704299887e-05  2.2008677868892583e+00  3.8567042176075594e-02 
 3.7309019696291877e-05  2.3227838654544168e+00  4.2991349277762686e-02 
 3.9301011688283867e-05  2.4443360808952050e+00  4.7649104128092076e-02 
 4.1293003680275857e-05  2.5655053921077391e+00  5.2539099126490109e-02 
 4.3284995672267847e-05  2.6862728179699196e+00  5.7660091243216263e-02 
 4.5276987664259837e-05  2.8066194403148250e+00  6.3010802212190450e-02 
 4.7268979656251827e-05  2.9265264068942232e+00  6.8589918729343807e-02 
 4.9260971648243817e-05  3.0459749343317801e+00  7.4396092656461951e-02 
 5.1252963640235807e-05  3.1649463110654574e+00  8.0427941230488742e-02 
 5.3244955632227797e-05  3.2834219002786802e+00  8.6684047278257750e-02 
 5.5236947624219787e-05  3.4013831428197783e+00  9.3162959436617787e-02 
 5.7228939616211777e-05  3.5188115601092749e+00  9.9863192377918047e-02 
 5.9220931608203767e-05  3.6356887570345475e+00  1.0678322704081743e-01 
 6.1212923600195763e-05  3.7519964248314119e+00  1.1392151086638198e-01 
 6.3204915592187760e-05  3.8677163439521864e+00  1.2127645803943345e-01 
 6.5196907584179757e-05  3.9828303869197739e+00  1.2884644973511106e-01 
 6.7188899576171754e-05  4.0973205211673234e+00  1.3662983437060805e-01 
 6.9180891568163750e-05  4.2111688118630237e+00  1.4462492786204326e-01 
 7.1172883560155747e-05  4.3243574247195928e+00  1.5283001388642770e-01 
 7.3164875552147744e-05  4.4368686287880035e+00  1.6124334414868516e-01 
 7.5156867544139740e-05  4.5486847992350334e+00  1.6986313865368480e-01 
 7.7148859536131737e-05  4.6597884201041886e+00  1.7868758598324325e-01 
 7.9140851528123734e-05  4.7701620870595693e+00  1.8771484357805263e-01 
 8.1132843520115731e-05  4.8797885101122498e+00  1.9694303802449062e-01 
 8.3124835512107727e-05  4.9886505163287529e+00  2.0637026534626735e-01 
 8.5116827504099724e-05  5.0967310525211795e+00  2.1599459130086376e-01 
 8.7108819496091721e-05  5.2040131879185836e+00  2.2581405168071456e-01 
 8.9100811488083717e-05  5.3104801168191695e+00  2.3582665261908875e-01 
 9.1092803480075714e-05  5.4161151612229039e+00  2.4603037090062010e-01 
 9.3084795472067711e-05  5.5209017734441099e+00  2.5642315427643847e-01 
 9.5076787464059708e-05  5.6248235387036587e+00  2.6700292178385299e-01 
 9.7068779456051704e-05  5.7278641777003356e+00  2.7776756407053665e-01 
 9.9060771448043701e-05  5.8300075491609915e+00  2.8871494372316170e-01 
 1.0105276344003570e-04  5.9312376523690622e+00  2.9984289560043448e-01 
 1.0304475543202769e-04  6.0315386296710729e+00  3.1114922717047760e-01 
 1.0503674742401969e-04  6.1308947689607338e+00  3.2263171885250552e-01 
 1.0702873941601169e-04  6.2292905061402397e+00  3.3428812436274219e-01 
 1.0902073140800368e-04  6.3267104275583730e+00  3.4611617106452408e-01 
 1.1101272339999568e-04  6.4231392724250478e+00  3.5811356032253561e-01 
 1.1300471539198768e-04  6.5185619352019097e+00  3.7027796786112038e-01 
 1.1499670738397967e-04  6.6129634679686058e+00  3.8260704412661284e-01 
 1.1698869937597167e-04  6.7063290827643760e+00  3.9509841465363299e-01 
 1.1898069136796367e-04  6.7986441539045792e+00  4.0774968043528698e-01 
 1.2097268335995566e-04  6.8898942202717972e+00  4.2055841829721569e-01 
 1.2296467535194766e-04  6.9800649875811684e+00  4.3352218127543307e-01 
 1.2495666734393964e-04  7.0691423306195773e+00  4.4663849899789348e-01 
 1.2694865933593163e-04  7.1571122954583641e+00  4.5990487806973074e-01 
 1.2894065132792361e-04  7.2439611016392043e+00  4.7331880246210617e-01 
 1.3093264331991559e-04  7.3296751443328079e+00  4.8687773390460615e-01 
 1.3292463531190758e-04  7.4142409964701166e+00  5.0057911228112706e-01 
 1.3491662730389956e-04  7.4976454108456361e+00  5.1442035602918568e-01 
 1.3690861929589154e-04  7.5798753221926205e+00  5.2839886254259338e-01 
 1.3890061128788353e-04  7.6609178492297323e+00  5.4251200857742921e-01 
 1.4089260327987551e-04  7.7407602966788893e+00  5.5675715066124998e-01 
 1.4288459527186749e-04  7.8193901572539755e+00  5.7113162550547181e-01 
 1.4487658726385948e-04  7.8967951136201062e+00  5.8563275042086038e-01 
 1.4686857925585146e-04  7.9729630403231333e+00  6.0025782373606329e-01 
 1.4886057124784344e-04  8.0478820056890825e+00  6.1500412521911840e-01 
 1.5085256323983543e-04  8.1215402736932560e+00  6.2986891650187449e-01 
 1.5284455523182741e-04  8.1939263057986729e+00  6.4484944150725543e-01 
 1.5483654722381939e-04  8.2650287627635759e+00  6.5994292687930234e-01 
 1.5682853921581138e-04  8.3348365064177159e+00  6.7514658241592596e-01 
 1.5882053120780336e-04  8.4033386014071443e+00  6.9045760150429980e-01 
 1.6081252319979534e-04  8.4705243169072393e+00  7.0587316155882973e-01 
 1.6280451519178732e-04  8.5363831283036653e+00  7.2139042446162738e-01 
 1.6479650718377931e-04  8.6009047188410683e+00  7.3700653700542074e-01 
 1.6678849917577129e-04  8.6640789812391894e+00  7.5271863133883188e-01 
 1.6878049116776327e-04  8.7258960192761474e+00  7.6852382541395114e-01 
 1.7077248315975526e-04  8.7863461493387049e+00  7.8441922343613957e-01 
 1.7276447515174724e-04  8.8454199019391808e+00  8.0040191631598789e-01 
 1.7475646714373922e-04  8.9031080231988540e+00  8.1646898212336072e-01 
 1.7674845913573121e-04  8.9594014762975753e+00  8.3261748654345669e-01 
 1.7874045112772319e-04  9.0142914428893768e+00  8.4884448333481055e-01 
 1.8073244311971517e-04  9.0677693244838746e+00  8.6514701478916822e-01 
 1.8272443511170716e-04  9.1198267437932028e+00  8.8152211219316068e-01 
 1.8471642710369914e-04  9.1704555460443267e+00  8.9796679629170550e-01 
 1.8670841909569112e-04  9.2196478002564781e+00  9.1447807775306200e-01 
 1.8870041108768311e-04  9.2673958004835342e+00  9.3105295763546936e-01 
 1.9069240307967509e-04  9.3136920670211616e+00  9.4768842785529339e-01 
 1.9268439507166707e-04  9.3585293475785072e+00  9.6438147165660726e-01 
 1.9467638706365906e-04  9.4019006184142579e+00  9.8112906408213607e-01 
 1.9666837905565104e-04  9.4437990854369165e+00  9.9792817244548659e-01 
 1.9866037104764302e-04  9.4842181852690839e+00  1.0147757568045945e+00 
 2.0065236303963500e-04  9.5231515862756222e+00  1.0316687704363088e+00 
 2.0264435503162699e-04  9.5605931895554885e+00  1.0486041603120426e+00 
 2.0463634702361897e-04  9.5965371298971363e+00  1.0655788675744138e+00 
 2.0662833901561095e-04  9.6309777766972946e+00  1.0825898280148047e+00 
 2.0862033100760294e-04  9.6639097348429939e+00  1.0996339725517608e+00 
 2.1061232299959492e-04  9.6953278455567187e+00  1.1167082277101568e+00 
 2.1260431499158690e-04  9.7252271872045206e+00  1.1338095161010537e+00 
 2.1459630698357889e-04  9.7536030760669945e+00  1.1509347569021722e+00 
 2.1658829897557087e-04  9.7804510670729741e+00  1.1680808663389088e+00 
 2.1858029096756285e-04  9.8057669544958603e+00  1.1852447581658150e+00 
 2.2057228295955484e-04  9.8295467726124421e+00  1.2024233441484682e+00 
 2.2256427495154682e-04  9.8517867963241201e+00  1.2196135345456569e+00 
 2.2455626694353880e-04  9.8724835417404506e+00  1.2368122385918061e+00 
 2.2654825893553079e-04  9.8916337667248904e+00  1.2540163649795641e+00 
 2.2854025092752277e-04  9.9092344714026801e+00  1.2712228223424789e+00 
 2.3053224291951475e-04  9.9252828986307655e+00  1.2884285197376877e+00 
 2.3252423491150674e-04  9.9397765344297113e+00  1.3056303671285421e+00 
 2.3451622690349872e-04  9.9527131083775089e+00  1.3228252758670938e+00 
 2.3650821889549070e-04  9.9640905939652455e+00  1.3400101591763660e+00 
 2.3850021088748269e-04  9.9739072089145413e+00  1.3571819326323382e+00 
 2.4049220287947467e-04  9.9821614154567584e+00  1.3743375146455601e+00 
 2.4248419487146665e-04  9.9888519205738842e+00  1.3914738269423281e+00 
 2.4447618686345866e-04  9.9939776762010766e+00  1.4085877950453451e+00 
 2.4646817885545064e-04  9.9975378793908565e+00  1.4256763487537880e+00 
 2.4846017084744263e-04  9.9995319724388771e+00  1.4427364226227082e+00 
 2.5045216283943461e-04  9.9999596429712927e+00  1.4597649564416917e+00 
 2.5244415483142659e-04  9.9988208239936931e+00  1.4767588957126998e+00 
 2.5443614682341858e-04  9.9961156939015972e+00  1.4937151921270202e+00 
 2.5642813881541056e-04  9.9918446764525051e+00  1.5106308040412502e+00 
 2.5842013080740254e-04  9.9860084406995213e+00  1.5275026969522396e+00 
 2.6041212279939453e-04  9.9786079008865443e+00  1.5443278439709185e+00 
 2.6240411479138651e-04  9.9696442163050509e+00  1.5611032262949338e+00 
 2.6439610678337849e-04  9.9591187911124930e+00  1.5778258336800246e+00 
 2.6638809877537048e-04  9.9470332741123411e+00  1.5944926649100566e+00 
 2.6838009076736246e-04  9.9333895584957972e+00  1.6111007282656480e+00 
 2.7037208275935444e-04  9.9181897815452231e+00  1.6276470419913098e+00 
 2.7236407475134643e-04  9.9014363242993433e+00  1.6441286347610269e+00 
 2.7435606674333841e-04  9.8831318111802542e+00  1.6605425461422121e+00 
 2.7634805873533039e-04  9.8632791095823062e+00  1.6768858270579530e+00 
 2.7834005072732238e-04  9.8418813294229288e+00  1.6931555402474847e+00 
 2.8033204271931436e-04  9.8189418226554661e+00  1.7093487607248135e+00 
 2.8232403471130634e-04  9.7944641827440897e+00  1.7254625762354219e+00 
 2.8431602670329832e-04  9.7684522441008923e+00  1.7414940877109821e+00 
 2.8630801869529031e-04  9.7409100814852181e+00  1.7574404097220062e+00 
 2.8830001068728229e-04  9.7118420093653643e+00  1.7732986709283620e+00 
 2.9029200267927427e-04  9.6812525812427079e+00  1.7890660145275881e+00 
 2.9228399467126626e-04  9.6491465889384180e+00  1.8047395987009298e+00 
 2.9427598666325824e-04  9.6155290618428069e+00  1.8203165970570345e+00 
 2.9626797865525022e-04  9.5804052661274781e+00  1.8357941990732320e+00 
 2.9825997064724221e-04  9.5437807039203975e+00  1.8511696105343320e+00 
 3.0025196263923419e-04  9.5056611124439634e+00  1.8664400539688693e+00 
 3.0224395463122617e-04  9.4660524631162932e+00  1.8816027690827299e+00 
 3.0423594662321816e-04  9.4249609606157971e+00  1.8966550131900901e+00 
 3.0622793861521014e-04  9.3823930419092143e+00  1.9115940616415972e+00 
 3.0821993060720212e-04  9.3383553752432640e+00  1.9264172082497306e+00 
 3.1021192259919411e-04  9.2928548591000784e+00  1.9411217657112729e+00 
 3.1220391459118609e-04  9.2458986211165453e+00  1.9557050660268256e+00 
 3.1419590658317807e-04  9.1974940169677719e+00  1.9701644609173015e+00 
 3.1618789857517006e-04  9.1476486292148245e+00  1.9844973222373354e+00 
 3.1817989056716204e-04  9.0963702661169172e+00  1.9987010423855398e+00 
 3.2017188255915402e-04  9.0436669604082560e+00  2.0127730347115476e+00 
 3.2216387455114600e-04  8.9895469680397149e+00  2.0267107339197743e+00 
 3.2415586654313799e-04  8.9340187668855382e+00  2.0405115964698384e+00 
 3.2614785853512997e-04  8.8770910554152920e+00  2.0541731009735757e+00 
 3.2813985052712195e-04  8.8187727513312542e+00  2.0676927485885908e+00 
 3.3013184251911394e-04  8.7590729901714486e+00  2.0810680634082699e+00 
 3.3212383451110592e-04  8.6980011238785799e+00  2.0942965928482153e+00 
 3.3411582650309790e-04  8.6355667193350438e+00  2.1073759080290220e+00 
 3.3610781849508989e-04  8.5717795568642927e+00  2.1203036041553438e+00 
 3.3809981048708187e-04  8.5066496286987388e+00  2.1330773008911943e+00 
 3.4009180247907385e-04  8.4401871374144850e+00  2.1456946427314141e+00 
 3.4208379447106584e-04  8.3724024943330821e+00  2.1581532993692525e+00 
 3.4407578646305782e-04  8.3033063178906268e+00  2.1704509660600042e+00 
 3.4606777845504980e-04  8.2329094319743472e+00  2.1825853639806509e+00 
 3.4805977044704179e-04  8.1612228642270921e+00  2.1945542405854335e+00 
 3.5005176243903377e-04  8.0882578443198110e+00  2.2063553699573206e+00 
 3.5204375443102575e-04  8.0140258021924584e+00  2.2179865531553022e+00 
 3.5403574642301774e-04  7.9385383662635034e+00  2.2294456185574649e+00 
 3.5602773841500972e-04  7.8618073616083084e+00  2.2407304221997868e+00 
 3.5801973040700170e-04  7.7838448081067790e+00  2.2518388481106060e+00 
 3.6001172239899369e-04  7.7046629185604232e+00  2.2627688086407041e+00 
 3.6200371439098567e-04  7.6242740967792351e+00  2.2735182447889541e+00 
 3.6399570638297765e-04  7.5426909356386425e+00  2.2840851265234905e+00 
 3.6598769837496963e-04  7.4599262151068269e+00  2.2944674530983349e+00 
 3.6797969036696162e-04  7.3759929002427684e+00  2.3046632533654443e+00 
 3.6997168235895360e-04  7.2909041391652538e+00  2.3146705860821224e+00 
 3.7196367435094558e-04  7.2046732609932427e+00  2.3244875402137484e+00 
 3.7395566634293757e-04  7.1173137737578571e+00  2.3341122352317765e+00 
 3.7594765833492955e-04  7.0288393622863605e+00  2.3435428214069609e+00 
 3.7793965032692153e-04  6.9392638860584306e+00  2.3527774800977581e+00 
 3.7993164231891352e-04  6.8486013770350933e+00  2.3618144240338621e+00 
 3.8192363431090550e-04  6.7568660374605862e+00  2.3706518975948270e+00 
 3.8391562630289748e-04  6.6640722376376225e+00  2.3792881770837337e+00 
 3.8590761829488947e-04  6.5702345136762670e+00  2.3877215709958648e+00 
 3.8789961028688145e-04  6.4753675652168630e+00  2.3959504202823303e+00 
 3.8989160227887343e-04  6.3794862531273555e+00  2.4039730986086139e+00 
 3.9188359427086542e-04  6.2826055971753050e+00  2.4117880126080045e+00 
 3.9387558626285740e-04  6.1847407736750961e+00  2.4193936021298592e+00 
 3.9586757825484938e-04  6.0859071131105402e+00  2.4267883404826649e+00 
 3.9785957024684137e-04  5.9861200977333597e+00  2.4339707346718655e+00 
 3.9985156223883335e-04  5.8853953591379344e+00  2.4409393256324114e+00 
 4.0184355423082533e-04  5.7837486758125687e+00  2.4476926884559944e+00 
 4.0383554622281731e-04  5.6811959706678508e+00  2.4542294326129372e+00 
 4.0582753821480930e-04  5.5777533085422899e+00  2.4605482021687002e+00 
 4.0781953020680128e-04  5.4734368936857960e+00  2.4666476759949711e+00 
 4.0981152219879326e-04  5.3682630672212737e+00  2.4725265679753043e+00 
 4.1180351419078525e-04  5.2622483045848032e+00  2.4781836272052775e+00 
 4.1379550618277723e-04  5.1554092129447637e+00  2.4836176381871371e+00 
 4.1578749817476921e-04  5.0477625286003285e+00  2.4888274210188976e+00 
 4.1777949016676120e-04  4.9393251143597316e+00  2.4938118315778692e+00 
 4.1977148215875318e-04  4.8301139568987184e+00  2.4985697616985831e+00 
 4.2176347415074516e-04  4.7201461640995825e+00  2.5031001393450856e+00 
 4.2375546614273715e-04  4.6094389623712333e+00  2.5074019287775755e+00 
 4.2574745813472913e-04  4.4980096939506762e+00  2.5114741307133595e+00 
 4.2773945012672111e-04  4.3858758141863650e+00  2.5153157824820962e+00 
 4.2973144211871310e-04  4.2730548888038271e+00  2.5189259581753118e+00 
 4.3172343411070508e-04  4.1595645911539982e+00  2.5223037687901551e+00 
 4.3371542610269706e-04  4.0454226994446980e+00  2.5254483623673774e+00 
 4.3570741809468905e-04  3.9306470939556997e+00  2.5283589241235100e+00 
 4.3769941008668103e-04  3.8152557542377519e+00  2.5310346765772205e+00 
 4.3969140207867301e-04  3.6992667562961250e+00  2.5334748796698299e+00 
 4.4168339407066499e-04  3.5826982697590144e+00  2.5356788308799696e+00 
 4.4367538606265698e-04  3.4655685550312327e+00  2.5376458653323581e+00 
 4.4566737805464896e-04  3.3478959604337879e+00  2.5393753559006873e+00 
 4.4765937004664094e-04  3.2296989193295604e+00  2.5408667133045975e+00 
 4.4965136203863293e-04  3.1109959472357862e+00  2.5421193862007194e+00 
 4.5164335403062491e-04  2.9918056389235677e+00  2.5431328612677855e+00 
 4.5363534602261689e-04  2.8721466655050101e+00  2.5439066632857803e+00 
 4.5562733801460888e-04  2.7520377715084372e+00  2.5444403552091304e+00 
 4.5761933000660086e-04  2.6314977719420267e+00  2.5447335382339142e+00 
 4.5961132199859284e-04  2.5105455493464692e+00  2.5447858518590798e+00 
 4.6160331399058483e-04  2.3892000508370206e+00  2.5445969739416743e+00 
 4.6359530598257681e-04  2.2674802851354441e+00  2.5441666207460578e+00 
 4.6558729797456879e-04  2.1454053195923035e+00  2.5434945469871089e+00 
 4.6757928996656078e-04  2.0229942772000697e+00  2.5425805458674078e+00 
 4.6957128195855276e-04  1.9002663335975114e+00  2.5414244491083924e+00 
 4.7156327395054474e-04  1.7772407140658397e+00  2.5400261269754818e+00 
 4.7355526594253673e-04  1.6539366905170769e+00  2.5383854882971684e+00 
 4.7554725793452871e-04  1.5303735784751129e+00  2.5365024804780671e+00 
 4.7753924992652069e-04  1.4065707340499607e+00  2.5343770895059246e+00 
 4.7953124191851267e-04  1.2825475509055839e+00  2.5320093399525918e+00 
 4.8152323391050466e-04  1.1583234572219332e+00  2.5293992949689494e+00 
 4.8351522590249664e-04  1.0339179126515063e+00  2.5265470562737935e+00 
 4.8550721789448862e-04  9.0935040527100275e-01  2.5234527641366822e+00 
 4.8749920988648061e-04  7.8464044852854631e-01  2.5201165973547472e+00 
 4.8949120187847259e-04  6.5980757818686275e-01  2.5165387732234730e+00 
 4.9148319387046463e-04  5.3487134926307334e-01  2.5127195475014434e+00 
 4.9347518586245667e-04  4.0985133296535575e-01  2.5086592143690689e+00 
 4.9546717785444870e-04  2.8476711362715817e-01  2.5043581063812947e+00 
 4.9745916984644074e-04  1.5963828563930393e-01  2.4998165944143076e+00 
 4.9945116183843278e-04  3.4484450380542687e-02  2.4950350876062304e+00 
 5.0144315383042481e-04 -9.0674786852992864e-02  2.4900140332918328e+00 
 5.0343514582241685e-04 -2.1581981991897067e-01  2.4847539169312634e+00 
 5.0542713781440889e-04 -3.4093104490010018e-01  2.4792552620328019e+00 
 5.0741912980640093e-04 -4.6598886317516192e-01  2.4735186300696625e+00 
 5.0941112179839296e-04 -5.9097368448903032e-01  2.4675446203908509e+00 
 5.1140311379038500e-04 -7.1586593002154586e-01  2.4613338701260852e+00 
 5.1339510578237704e-04 -8.4064603545449712e-01  2.4548870540848058e+00 
 5.1538709777436908e-04 -9.6529445403638636e-01  2.4482048846492868e+00 
 5.1737908976636111e-04 -1.0897916596443926e+00  2.4412881116618586e+00 
 5.1937108175835315e-04 -1.2141181498431444e+00  2.4341375223062651e+00 
 5.2136307375034519e-04 -1.3382544489397807e+00  2.4267539409831809e+00 
 5.2335506574233723e-04 -1.4621811110347893e+00  2.4191382291798922e+00 
 5.2534705773432926e-04 -1.5858787230681892e+00  2.4112912853341735e+00 
 5.2733904972632130e-04 -1.7093279078606392e+00  2.4032140446923815e+00 
 5.2933104171831334e-04 -1.8325093271487791e+00  2.3949074791617826e+00 
 5.3132303371030538e-04 -1.9554036846146241e+00  2.3863725971571368e+00 
 5.3331502570229741e-04 -2.0779917289082968e+00  2.3776104434415712e+00 
 5.3530701769428945e-04 -2.2002542566637624e+00  2.3686220989617568e+00 
 5.3729900968628149e-04 -2.3221721155070036e+00  2.3594086806774222e+00 
 5.3929100167827352e-04 -2.4437262070562449e+00  2.3499713413852281e+00 
 5.4128299367026556e-04 -2.5648974899137178e+00  2.3403112695370285e+00 
 5.4327498566225760e-04 -2.6856669826484687e+00  2.3304296890525502e+00 
 5.4526697765424964e-04 -2.8060157667697800e+00  2.3203278591265164e+00 
 5.4725896964624167e-04 -2.9259249896908073e+00  2.3100070740302514e+00 
 5.4925096163823371e-04 -3.0453758676817428e+00  2.2994686629077910e+00 
 5.5124295363022575e-04 -3.1643496888123406e+00  2.2887139895665269e+00 
 5.5323494562221779e-04 -3.2828278158831061e+00  2.2777444522624317e+00 
 5.5522693761420982e-04 -3.4007916893448242e+00  2.2665614834798848e+00 
 5.5721892960620186e-04 -3.5182228302058856e+00  2.2551665497061388e+00 
 5.5921092159819390e-04 -3.6351028429270036e+00  2.2435611512004647e+00 
 5.6120291359018594e-04 -3.7514134183029229e+00  2.2317468217580054e+00 
 5.6319490558217797e-04 -3.8671363363304860e+00  2.2197251284683812e+00 
 5.6518689757417001e-04 -3.9822534690628091e+00  2.2074976714690786e+00 
 5.6717888956616205e-04 -4.0967467834490323e+00  2.1950660836936682e+00 
 5.6917088155815409e-04 -4.2105983441591865e+00  2.1824320306148834e+00 
 5.7116287355014612e-04 -4.3237903163937368e+00  2.1695972099826073e+00 
 5.7315486554213816e-04 -4.4363049686774056e+00  2.1565633515568048e+00 
 5.7514685753413020e-04 -4.5481246756368208e+00  2.1433322168354412e+00 
 5.7713884952612223e-04 -4.6592319207614938e+00  2.1299055987774334e+00 
 5.7913084151811427e-04 -4.7696092991477688e+00  2.1162853215206718e+00 
 5.8112283351010631e-04 -4.8792395202253518e+00  2.1024732400951631e+00 
 5.8311482550209835e-04 -4.9881054104657911e+00  2.0884712401313372e+00 
 5.8510681749409038e-04 -5.0961899160727597e+00  2.0742812375635578e+00 
 5.8709880948608242e-04 -5.2034761056535004e+00  2.0599051783288931e+00 
 5.8909080147807446e-04 -5.3099471728711425e+00  2.0453450380611864e+00 
 5.9108279347006650e-04 -5.4155864390773782e+00  2.0306028217804748e+00 
 5.9307478546205853e-04 -5.5203773559251843e+00  2.0156805635778139e+00 
 5.9506677745405057e-04 -5.6243035079611223e+00  2.0005803262955411e+00 
 5.9705876944604261e-04 -5.7273486151967932e+00  1.9853042012030460e+00 
 5.9905076143803465e-04 -5.8294965356590840e+00  1.9698543076680834e+00 
 6.0104275343002668e-04 -5.9307312679188504e+00  1.9542327928236898e+00 
 6.0303474542201872e-04 -6.0310369535974671e+00  1.9384418312307548e+00 
 6.0502673741401076e-04 -6.1303978798510830e+00  1.9224836245362920e+00 
 6.0701872940600280e-04 -6.2287984818320110e+00  1.9063604011274737e+00 
 6.0901072139799483e-04 -6.3262233451269720e+00  1.8900744157814802e+00 
 6.1100271338998687e-04 -6.4226572081717350e+00  1.8736279493112116e+00 
 6.1299470538197891e-04 -6.5180849646418455e+00  1.8570233082069281e+00 
 6.1498669737397095e-04 -6.6124916658190340e+00  1.8402628242738690e+00 
 6.1697868936596298e-04 -6.7058625229329110e+00  1.8233488542659066e+00 
 6.1897068135795502e-04 -6.7981829094776112e+00  1.8062837795152960e+00 
 6.2096267334994706e-04 -6.8894383635030856e+00  1.7890700055585755e+00 
 6.2295466534193909e-04 -6.9796145898804820e+00  1.7717099617586793e+00 
 6.2494665733393113e-04 -7.0686974625415280e+00  1.7542061009233165e+00 
 6.2693864932592317e-04 -7.1566730266913483e+00  1.7365608989196835e+00 
 6.2893064131791521e-04 -7.2435275009944942e+00  1.7187768542855637e+00 
 6.3092263330990724e-04 -7.3292472797337647e+00  1.7008564878368795e+00 
 6.3291462530189928e-04 -7.4138189349415464e+00  1.6828023422717553e+00 
 6.3490661729389132e-04 -7.4972292185033060e+00  1.6646169817711554e+00 
 6.3689860928588336e-04 -7.5794650642328874e+00  1.6463029915961582e+00 
 6.3889060127787539e-04 -7.6605135899193355e+00  1.6278629776819316e+00 
 6.4088259326986743e-04 -7.7403620993448765e+00  1.6092995662284706e+00 
 6.4287458526185947e-04 -7.8189980842737938e+00  1.5906154032881614e+00 
 6.4486657725385151e-04 -7.8964092264118317e+00  1.5718131543502418e+00 
 6.4685856924584354e-04 -7.9725833993358268e+00  1.5528955039222145e+00 
 6.4885056123783558e-04 -8.0475086703933520e+00  1.5338651551082851e+00 
 6.5084255322982762e-04 -8.1211733025719166e+00  1.5147248291848903e+00 
 6.5283454522181966e-04 -8.1935657563375983e+00  1.4954772651733779e+00 
 6.5482653721381169e-04 -8.2646746914426910e+00  1.4761252194099130e+00 
 6.5681852920580373e-04 -8.3344889687021428e+00  1.4566714651126722e+00 
 6.5881052119779577e-04 -8.4029976517385290e+00  1.4371187919463946e+00 
 6.6080251318978780e-04 -8.4701900086951945e+00  1.4174700055843583e+00 
 6.6279450518177984e-04 -8.5360555139174359e+00  1.3977279272678547e+00 
 6.6478649717377188e-04 -8.6005838496013176e+00  1.3778953933632216e+00 
 6.6677848916576392e-04 -8.6637649074099414e+00  1.3579752549165109e+00 
 6.6877048115775595e-04 -8.7255887900569444e+00  1.3379703772058591e+00 
 6.7076247314974799e-04 -8.7860458128568695e+00  1.3178836392916311e+00 
 6.7275446514174003e-04 -8.8451265052422983e+00  1.2977179335644042e+00 
 6.7474645713373207e-04 -8.9028216122473989e+00  1.2774761652908679e+00 
 6.7673844912572410e-04 -8.9591220959576994e+00  1.2571612521577098e+00 
 6.7873044111771614e-04 -9.0140191369258975e+00  1.2367761238135555e+00 
 6.8072243310970818e-04 -9.0675041355534027e+00  1.2163237214090379e+00 
 6.8271442510170022e-04 -9.1195687134374808e+00  1.1958069971350669e+00 
 6.8470641709369225e-04 -9.1702047146836954e+00  1.1752289137593708e+00 
 6.8669840908568429e-04 -9.2194042071835653e+00  1.1545924441613837e+00 
 6.8869040107767633e-04 -9.2671594838570979e+00  1.1339005708655512e+00 
 6.9068239306966837e-04 -9.3134630638601017e+00  1.1131562855731245e+00 
 6.9267438506166040e-04 -9.3583076937560712e+00  1.0923625886925221e+00 
 6.9466637705365244e-04 -9.4016863486524276e+00  1.0715224888683290e+00 
 6.9665836904564448e-04 -9.4435922333009561e+00  1.0506390025090064e+00 
 6.9865036103763651e-04 -9.4840187831623002e+00  1.0297151533133873e+00 
 7.0064235302962855e-04 -9.5229596654342679e+00  1.0087539717960328e+00 
 7.0263434502162059e-04 -9.5604087800438862e+00  9.8775849481152300e-01 
 7.0462633701361263e-04 -9.5963602606029568e+00  9.6673176507775582e-01 
 7.0661832900560466e-04 -9.6308084753270364e+00  9.4567683069832942e-01 
 7.0861032099759670e-04 -9.6637480279176522e+00  9.2459674468408148e-01 
 7.1060231298958874e-04 -9.6951737584076110e+00  9.0349456447386578e-01 
 7.1259430498158078e-04 -9.7250807439693379e+00  8.8237335145463303e-01 
 7.1458629697357281e-04 -9.7534642996860050e+00  8.6123617048089662e-01 
 7.1657828896556485e-04 -9.7803199792854407e+00  8.4008608939365814e-01 
 7.1857028095755689e-04 -9.8056435758366316e+00  8.1892617853886451e-01 
 7.2056227294954893e-04 -9.8294311224087316e+00  7.9775951028547709e-01 
 7.2255426494154096e-04 -9.8516788926924868e+00  7.7658915854322486e-01 
 7.2454625693353300e-04 -9.8723834015839511e+00  7.5541819828011780e-01 
 7.2653824892552504e-04 -9.8915414057304414e+00  7.3424970503979670e-01 
 7.2853024091751708e-04 -9.9091499040385891e+00  7.1308675445879488e-01 
 7.3052223290950911e-04 -9.9252061381444747e+00  6.9193242178378678e-01 
 7.3251422490150115e-04 -9.9397075928457230e+00  6.7078978138890011e-01 
 7.3450621689349319e-04 -9.9526519964954900e+00  6.4966190629316656e-01 
 7.3649820888548522e-04 -9.9640373213583473e+00  6.2855186767818583e-01 
 7.3849020087747726e-04 -9.9738617839278945e+00  6.0746273440608034e-01 
 7.4048219286946930e-04 -9.9821238452061714e+00  5.8639757253781466e-01 
 7.4247418486146134e-04 -9.9888222109447184e+00  5.6535944485195611e-01 
 7.4446617685345337e-04 -9.9939558318473338e+00  5.4435141036395041e-01 
 7.4645816884544541e-04 -9.9975239037344448e+00  5.2337652384598998e-01 
 7.4845016083743745e-04 -9.9995258676690764e+00  5.0243783534754771e-01 
 7.5044215282942949e-04 -9.9999614100444152e+00  4.8153838971665319e-01 
 7.5243414482142152e-04 -9.9988304626329256e+00  4.6068122612198537e-01 
 7.5442613681341356e-04 -9.9961332025970506e+00  4.3986937757585626e-01 
 7.5641812880540560e-04 -9.9918700524614508e+00  4.1910587045816172e-01 
 7.5841012079739764e-04 -9.9860416800468172e+00  3.9839372404137241e-01 
 7.6040211278938967e-04 -9.9786489983652604e+00  3.7773595001664007e-01 
 7.6239410478138171e-04 -9.9696931654772829e+00  3.5713555202109376e-01 
 7.6438609677337375e-04 -9.9591755843103762e+00  3.3659552516639901e-01 
 7.6637808876536579e-04 -9.9470979024392427e+00  3.1611885556865410e-01 
 7.6837008075735782e-04 -9.9334620118277162e+00  2.9570851987969843e-01 
 7.7036207274934986e-04 -9.9182700485323760e+00  2.7536748481990436e-01 
 7.7235406474134190e-04 -9.9015243923679410e+00  2.5509870671252644e-01 
 7.7434605673333393e-04 -9.8832276665344700e+00  2.3490513101968222e-01 
 7.7633804872532597e-04 -9.8633827372064360e+00  2.1478969188003527e-01 
 7.7833004071731801e-04 -9.8419927130837515e+00  1.9475531164825416e-01 
 7.8032203270931005e-04 -9.8190609449047770e+00  1.7480490043631955e-01 
 7.8231402470130208e-04 -9.7945910249214378e+00  1.5494135565675038e-01 
 7.8430601669329412e-04 -9.7685867863365043e+00  1.3516756156782148e-01 
 7.8629800868528616e-04 -9.7410523027031068e+00  1.1548638882084343e-01 
 7.8829000067727820e-04 -9.7119918872866347e+00  9.5900694009576140e-02 
 7.9028199266927023e-04 -9.6814100923890489e+00  7.6413319221845896e-02 
 7.9227398466126227e-04 -9.6493117086357714e+00  5.7027091593436628e-02 
 7.9426597665325431e-04 -9.6157017642252409e+00  3.7744822864325366e-02 
 7.9625796864524635e-04 -9.5805855241412381e+00  1.8569308937331087e-02 
 7.9824996063723838e-04 -9.5439684893281385e+00 -4.9667056075371262e-04 
 8.0024195262923042e-04 -9.5058563958291824e+00 -1.9450352715480120e-02 
 8.0223394462122246e-04 -9.4662552138879281e+00 -3.8288991758440062e-02 
 8.0422593661321450e-04 -9.4251711470130246e+00 -5.7009859498275924e-02 
 8.0621792860520653e-04 -9.3826106310064183e+00 -7.5610245748934976e-02 
 8.0820992059719857e-04 -9.3385803329552104e+00 -9.4087458755101466e-02 
 8.1020191258919061e-04 -9.2930871501872314e+00 -1.1243882561473989e-01 
 8.1219390458118264e-04 -9.2461382091906010e+00 -1.3066169269868297e-01 
 8.1418589657317468e-04 -9.1977408644973622e+00 -1.4875342606719902e-01 
 8.1617788856516672e-04 -9.1479026975313822e+00 -1.6671141188347302e-01 
 8.1816988055715876e-04 -9.0966315154207482e+00 -1.8453305682393706e-01 
 8.2016187254915079e-04 -9.0439353497747650e+00 -2.0221578848538535e-01 
 8.2215386454114283e-04 -8.9898224554258217e+00 -2.1975705578881061e-01 
 8.2414585653313487e-04 -8.9343013091362593e+00 -2.3715432937989817e-01 
 8.2613784852512691e-04 -8.8773806082704994e+00 -2.5440510202611522e-01 
 8.2812984051711894e-04 -8.8190692694326138e+00 -2.7150688901033293e-01 
 8.3012183250911098e-04 -8.7593764270695260e+00 -2.8845722852091971e-01 
 8.3211382450110302e-04 -8.6983114320401036e+00 -3.0525368203824488e-01 
 8.3410581649309506e-04 -8.6358838501503783e+00 -3.2189383471753180e-01 
 8.3609780848508709e-04 -8.5721034606550219e+00 -3.3837529576800063e-01 
 8.3808980047707913e-04 -8.5069802547254731e+00 -3.5469569882824137e-01 
 8.4008179246907117e-04 -8.4405244338847893e+00 -3.7085270233775802e-01 
 8.4207378446106321e-04 -8.3727464084096148e+00 -3.8684398990462676e-01 
 8.4406577645305524e-04 -8.3036567956993839e+00 -4.0266727066920899e-01 
 8.4605776844504728e-04 -8.2332664186131268e+00 -4.1832027966386331e-01 
 8.4804976043703932e-04 -8.1615863037740866e+00 -4.3380077816860019e-01 
 8.5004175242903135e-04 -8.0886276798423680e+00 -4.4910655406262262e-01 
 8.5203374442102339e-04 -8.0144019757559963e+00 -4.6423542217169905e-01 
 8.5402573641301543e-04 -7.9389208189405895e+00 -4.7918522461131285e-01 
 8.5601772840500747e-04 -7.8621960334878889e+00 -4.9395383112553548e-01 
 8.5800972039699950e-04 -7.7842396383035704e+00 -5.0853913942156981e-01 
 8.6000171238899154e-04 -7.7050638452244335e+00 -5.2293907549991170e-01 
 8.6199370438098358e-04 -7.6246810571054748e+00 -5.3715159398007772e-01 
 8.6398569637297562e-04 -7.5431038658769447e+00 -5.5117467842184720e-01 
 8.6597768836496765e-04 -7.4603450505718385e+00 -5.6500634164197050e-01 
 8.6796968035695969e-04 -7.3764175753240933e+00 -5.7864462602629163e-01 
 8.6996167234895173e-04 -7.2913345873377189e+00 -5.9208760383723724e-01 
 8.7195366434094377e-04 -7.2051094148273132e+00 -6.0533337751662419e-01 
 8.7394565633293580e-04 -7.1177555649302224e+00 -6.1838007998373734e-01 
 8.7593764832492784e-04 -7.0292867215906130e+00 -6.3122587492863302e-01 
 8.7792964031691988e-04 -6.9397167434159304e+00 -6.4386895710061776e-01 
 8.7992163230891192e-04 -6.8490596615059101e+00 -6.5630755259186246e-01 
 8.8191362430090395e-04 -6.7573296772546598e+00 -6.6853991911610433e-01 
 8.8390561629289599e-04 -6.6645411601259719e+00 -6.8056434628239315e-01 
 8.8589760828488803e-04 -6.5707086454023731e+00 -6.9237915586384002e-01 
 8.8788960027688007e-04 -6.4758468319081981e+00 -7.0398270206132618e-01 
 8.8988159226887210e-04 -6.3799705797069786e+00 -7.1537337176212978e-01 
 8.9187358426086414e-04 -6.2830949077736733e+00 -7.2654958479343179e-01 
 8.9386557625285618e-04 -6.1852349916418978e+00 -7.3750979417065865e-01 
 8.9585756824484821e-04 -6.0864061610267406e+00 -7.4825248634062547e-01 
 8.9784956023684025e-04 -5.9866238974233177e+00 -7.5877618141944114e-01 
 8.9984155222883229e-04 -5.8859038316816239e+00 -7.6907943342513629e-01 
 9.0183354422082433e-04 -5.7842617415579927e+00 -7.7916083050497920e-01 
 9.0382553621281636e-04 -5.6817135492434687e+00 -7.8901899515744511e-01 
 9.0581752820480840e-04 -5.5782753188696290e+00 -7.9865258444880105e-01 
 9.0780952019680044e-04 -5.4739632539921601e+00 -8.0806029022427472e-01 
 9.0980151218879248e-04 -5.3687936950525348e+00 -8.1724083931377378e-01 
 9.1179350418078451e-04 -5.2627831168183405e+00 -8.2619299373212329e-01 
 9.1378549617277655e-04 -5.1559481258024542e+00 -8.3491555087379010e-01 
 9.1577748816476859e-04 -5.0483054576617068e+00 -8.4340734370206272e-01 
 9.1776948015676063e-04 -4.9398719745751860e+00 -8.5166724093265778e-01 
 9.1976147214875266e-04 -4.8306646626028158e+00 -8.5969414721172566e-01 
 9.2175346414074470e-04 -4.7207006290245133e+00 -8.6748700328822415e-01 
 9.2374545613273674e-04 -4.6099970996602968e+00 -8.7504478618063664e-01 
 9.2573744812472878e-04 -4.4985714161718908e+00 -8.8236650933800631e-01 
 9.2772944011672081e-04 -4.3864410333461867e+00 -8.8945122279526179e-01 
 9.2972143210871285e-04 -4.2736235163609022e+00 -8.9629801332281078e-01 
 9.3171342410070489e-04 -4.1601365380330648e+00 -9.0290600457037695e-01 
 9.3370541609269692e-04 -4.0459978760505129e+00 -9.0927435720505867e-01 
 9.3569740808468896e-04 -3.9312254101870865e+00 -9.1540226904358657e-01 
 9.3768940007668100e-04 -3.8158371195017176e+00 -9.2128897517876129e-01 
 9.3968139206867304e-04 -3.6998510795220403e+00 -9.2693374810004914e-01 
 9.4167338406066507e-04 -3.5832854594128882e+00 -9.3233589780831927e-01 
 9.4366537605265711e-04 -3.4661585191300590e+00 -9.3749477192470199e-01 
 9.4565736804464915e-04 -3.3484886065599206e+00 -9.4240975579355302e-01 
 9.4764936003664119e-04 -3.2302941546452466e+00 -9.4708027257950733e-01 
 9.4964135202863322e-04 -3.1115936784976501e+00 -9.5150578335860558e-01 
 9.5163334402062526e-04 -2.9924057724972601e+00 -9.5568578720348152e-01 
 9.5362533601261730e-04 -2.8727491073798568e+00 -9.5961982126259515e-01 
 9.5561732800460934e-04 -2.7526424273121735e+00 -9.6330746083349950e-01 
 9.5760931999660137e-04 -2.6321045469555733e+00 -9.6674831943013051e-01 
 9.5960131198859341e-04 -2.5111543485187644e+00 -9.6994204884410928e-01 
 9.6159330398058545e-04 -2.3898107787999363e+00 -9.7288833920004403e-01 
 9.6358529597257749e-04 -2.2680928462186998e+00 -9.7558691900482897e-01 
 9.6557728796456952e-04 -2.1460196178384519e+00 -9.7803755519092728e-01 
 9.6756927995656156e-04 -2.0236102163795469e+00 -9.8024005315363461e-01 
 9.6956127194855360e-04 -1.9008838172237097e+00 -9.8219425678231265e-01 
 9.7155326394054563e-04 -1.7778596454102069e+00 -9.8390004848559576e-01 
 9.7354525593253767e-04 -1.6545569726242668e+00 -9.8535734921055784e-01 
 9.7553724792452971e-04 -1.5309951141782052e+00 -9.8656611845584419e-01 
 9.7752923991652175e-04 -1.4071934259856378e+00 -9.8752635427875934e-01 
 9.7952123190851378e-04 -1.2831713015294093e+00 -9.8823809329631762e-01 
 9.8151322390050582e-04 -1.1589481688236405e+00 -9.8870141068024686e-01 
 9.8350521589249786e-04 -1.0345434873702832e+00 -9.8891642014595404e-01 
 9.8549720788448990e-04 -9.0997674511082605e-01 -9.8888327393545161e-01 
 9.8748919987648193e-04 -7.8526745537353226e-01 -9.8860216279424651e-01 
 9.8948119186847397e-04 -6.6043515381666817e-01 -9.8807331594219627e-01 
 9.9147318386046601e-04 -5.3549939536823310e-01 -9.8729700103833617e-01 
 9.9346517585245805e-04 -4.1047975116270458e-01 -9.8627352413968417e-01 
 9.9545716784445008e-04 -2.8539580547525639e-01 -9.8500322965402898e-01 
 9.9744915983644212e-04 -1.6026715265383548e-01 -9.8348650028670959e-01 
 9.9944115182843416e-04 -3.5113394049743056e-02 -9.8172375698139303e-01 
 1.0014331438204262e-03  9.0045865052891749e-02 -9.7971545885486166e-01 
 1.0034251358124182e-03  2.1519101850828892e-01 -9.7746210312581860e-01 
 1.0054171278044103e-03  3.4030246238032108e-01 -9.7496422503772373e-01 
 1.0074091197964023e-03  4.6536059801348861e-01 -9.7222239777567043e-01 
 1.0094011117883943e-03  5.9034583510292515e-01 -9.6923723237731929e-01 
 1.0113931037803864e-03  7.1523859476336227e-01 -9.6600937763789796e-01 
 1.0133850957723784e-03  8.4001931259603757e-01 -9.6253952000928822e-01 
 1.0153770877643705e-03  9.6466844175352073e-01 -9.5882838349320987e-01 
 1.0173690797563625e-03  1.0891664560016932e+00 -9.5487672952852265e-01 
 1.0193610717483545e-03  1.2134938527784964e+00 -9.5068535687266198e-01 
 1.0213530637403466e-03  1.3376311562490550e+00 -9.4625510147722647e-01 
 1.0233450557323386e-03  1.4615589203565307e+00 -9.4158683635773899e-01 
 1.0253370477243306e-03  1.5852577318683123e+00 -9.3668147145759928e-01 
 1.0273290397163227e-03  1.7087082134171436e+00 -9.3153995350625030e-01 
 1.0293210317083147e-03  1.8318910265365538e+00 -9.2616326587158104e-01 
 1.0313130237003068e-03  1.9547868746901940e+00 -9.2055242840658880e-01 
 1.0333050156922988e-03  2.0773765062946836e+00 -9.1470849729032455e-01 
 1.0352970076842908e-03  2.1996407177353450e+00 -9.0863256486314514e-01 
 1.0372889996762829e-03  2.3215603563743739e+00 -9.0232575945630189e-01 
 1.0392809916682749e-03  2.4431163235512283e+00 -8.9578924521588710e-01 
 1.0412729836602669e-03  2.5642895775743249e+00 -8.8902422192117125e-01 
 1.0432649756522590e-03  2.6850611367038919e+00 -8.8203192479735582e-01 
 1.0452569676442510e-03  2.8054120821255384e+00 -8.7481362432277177e-01 
 1.0472489596362431e-03  2.9253235609138621e+00 -8.6737062603055404e-01 
 1.0492409516282351e-03  3.0447767889856481e+00 -8.5970427030482488e-01 
 1.0512329436202271e-03  3.1637530540425329e+00 -8.5181593217141494e-01 
 1.0532249356122192e-03  3.2822337185021686e+00 -8.4370702108315676e-01 
 1.0552169276042112e-03  3.4002002224178614e+00 -8.3537898069978422e-01 
 1.0572089195962032e-03  3.5176340863859479e+00 -8.2683328866247197e-01 
 1.0592009115881953e-03  3.6345169144405700e+00 -8.1807145636305012e-01 
 1.0611929035801873e-03  3.7508303969354380e+00 -8.0909502870793071e-01 
 1.0631848955721794e-03  3.8665563134120076e+00 -7.9990558387678212e-01 
 1.0651768875641714e-03  3.9816765354536821e+00 -7.9050473307599212e-01 
 1.0671688795561634e-03  4.0961730295256702e+00 -7.8089412028695282e-01 
 1.0691608715481555e-03  4.2100278597999061e+00 -7.7107542200921186e-01 
 1.0711528635401475e-03  4.3232231909646659e+00 -7.6105034699852792e-01 
 1.0731448555321395e-03  4.4357412910185126e+00 -7.5082063599987270e-01 
 1.0751368475241316e-03  4.5475645340479867e+00 -7.4038806147541958e-01 
 1.0771288395161236e-03  4.6586754029886377e+00 -7.2975442732756157e-01 
 1.0791208315081157e-03  4.7690564923691872e+00 -7.1892156861700551e-01 
 1.0811128235001077e-03  4.8786905110380001e+00 -7.0789135127598113e-01 
 1.0831048154920997e-03  4.9875602848717184e+00 -6.9666567181661476e-01 
 1.0850968074840918e-03  5.0956487594656696e+00 -6.8524645703451048e-01 
 1.0870887994760838e-03  5.2029390028053477e+00 -6.7363566370758587e-01 
 1.0890807914680758e-03  5.3094142079188593e+00 -6.6183527829021060e-01 
 1.0910727834600679e-03  5.4150576955097094e+00 -6.4984731660269357e-01 
 1.0930647754520599e-03  5.5198529165695875e+00 -6.3767382351617008e-01 
 1.0950567674440520e-03  5.6237834549708001e+00 -6.2531687263293612e-01 
 1.0970487594360440e-03  5.7268330300378327e+00 -6.1277856596227986e-01 
 1.0990407514280360e-03  5.8289854990976888e+00 -6.0006103359186347e-01 
 1.1010327434200281e-03  5.9302248600086749e+00 -5.8716643335470375e-01 
 1.1030247354120201e-03  6.0305352536671091e+00 -5.7409695049180620e-01 
 1.1050167274040121e-03  6.1299009664916193e+00 -5.6085479731050381e-01 
 1.1070087193960042e-03  6.2283064328847182e+00 -5.4744221283855432e-01 
 1.1090007113879962e-03  6.3257362376711228e+00 -5.3386146247405109e-01 
 1.1109927033799883e-03  6.4221751185124880e+00 -5.2011483763120103e-01 
 1.1129846953719803e-03  6.5176079682983543e+00 -5.0620465538202708e-01 
 1.1149766873639723e-03  6.6120198375125883e+00 -4.9213325809404868e-01 
 1.1169686793559644e-03  6.7053959365751989e+00 -4.7790301306399929e-01 
 1.1189606713479564e-03  6.7977216381591985e+00 -4.6351631214763689e-01 
 1.1209526633399484e-03  6.8889824794819399e+00 -4.4897557138570643e-01 
 1.1229446553319405e-03  6.9791641645706353e+00 -4.3428323062611290e-01 
 1.1249366473239325e-03  7.0682525665019238e+00 -4.1944175314236254e-01 
 1.1269286393159245e-03  7.1562337296147636e+00 -4.0445362524833389e-01 
 1.1289206313079166e-03  7.2430938716966287e+00 -3.8932135590943839e-01 
 1.1309126232999086e-03  7.3288193861424746e+00 -3.7404747635023106e-01 
 1.1329046152919007e-03  7.4133968440861793e+00 -3.5863453965853320e-01 
 1.1348966072838927e-03  7.4968129965042172e+00 -3.4308512038612904e-01 
 1.1368885992758847e-03  7.5790547762910858e+00 -3.2740181414609831e-01 
 1.1388805912678768e-03  7.6601093003062468e+00 -3.1158723720684867e-01 
 1.1408725832598688e-03  7.7399638713923045e+00 -2.9564402608291146e-01 
 1.1428645752518608e-03  7.8186059803639889e+00 -2.7957483712256437e-01 
 1.1448565672438529e-03  7.8960233079676954e+00 -2.6338234609234551e-01 
 1.1468485592358449e-03  7.9722037268113288e+00 -2.4706924775852504e-01 
 1.1488405512278370e-03  8.0471353032640422e+00 -2.3063825546559918e-01 
 1.1508325432198290e-03  8.1208062993255865e+00 -2.1409210071187232e-01 
 1.1528245352118210e-03  8.1932051744651595e+00 -1.9743353272219405e-01 
 1.1548165272038131e-03  8.2643205874291503e+00 -1.8066531801791863e-01 
 1.1568085191958051e-03  8.3341413980177386e+00 -1.6379023998415321e-01 
 1.1588005111877971e-03  8.4026566688300655e+00 -1.4681109843436349e-01 
 1.1607925031797892e-03  8.4698556669775034e+00 -1.2973070917240437e-01 
 1.1627844951717812e-03  8.5357278657650060e+00 -1.1255190355204445e-01 
 1.1647764871637733e-03  8.6002629463400950e+00 -9.5277528034053746e-02 
 1.1667684791557653e-03  8.6634507993092882e+00 -7.7910443740923402e-02 
 1.1687604711477573e-03  8.7252815263217602e+00 -6.0453526009287453e-02 
 1.1707524631397494e-03  8.7857454416199001e+00 -4.2909663940116693e-02 
 1.1727444551317414e-03  8.8448330735565683e+00 -2.5281759946755335e-02 
 1.1747364471237334e-03  8.9025351660788559e+00 -7.5727293008708268e-03 
 1.1767284391157255e-03  8.9588426801780212e+00  1.0214500323611615e-02 
 1.1787204311077175e-03  9.0137467953054458e+00  2.8076989308518607e-02 
 1.1807124230997096e-03  9.0672389107543800e+00  4.6011786551310406e-02 
 1.1827044150917016e-03  9.1193106470072429e+00  6.4015929926763013e-02 
 1.1846964070836936e-03  9.1699538470482391e+00  8.2086446750378100e-02 
 1.1866883990756857e-03  9.2191605776412029e+00  1.0022035424344834e-01 
 1.1886803910676777e-03  9.2669231305722981e+00  1.1841465999970514e-01 
 1.1906723830596697e-03  9.3132340238575004e+00  1.3666636245347571e-01 
 1.1926643750516618e-03  9.3580860029146926e+00  1.5497245134927617e-01 
 1.1946563670436538e-03  9.4014720417000532e+00  1.7332990821276717e-01 
 1.1966483590356459e-03  9.4433853438086803e+00  1.9173570682299812e-01 
 1.1986403510276379e-03  9.4838193435392721e+00  2.1018681368586595e-01 
 1.2006323430196299e-03  9.5227677069226218e+00  2.2868018850871483e-01 
 1.2026243350116220e-03  9.5602243327138421e+00  2.4721278467600166e-01 
 1.2046163270036140e-03  9.5961833533481169e+00  2.6578154972595336e-01 
 1.2066083189956060e-03  9.6306391358598464e+00  2.8438342582814125e-01 
 1.2086003109875981e-03  9.6635862827650634e+00  3.0301535026189735e-01 
 1.2105923029795901e-03  9.6950196329069431e+00  3.2167425589549808e-01 
 1.2125842949715822e-03  9.7249342622642807e+00  3.4035707166604040e-01 
 1.2145762869635742e-03  9.7533254847228577e+00  3.5906072305993431e-01 
 1.2165682789555662e-03  9.7801888528095109e+00  3.7778213259393750e-01 
 1.2185602709475583e-03  9.8055201583888252e+00  3.9651822029665656e-01 
 1.2205522629395503e-03  9.8293154333223409e+00  4.1526590419043846e-01 
 1.2225442549315423e-03  9.8515709500901600e+00  4.3402210077357789e-01 
 1.2245362469235344e-03  9.8722832223748505e+00  4.5278372550276502e-01 
 1.2265282389155264e-03  9.8914490056075959e+00  4.7154769327569618e-01 
 1.2285202309075185e-03  9.9090652974764453e+00  4.9031091891377454e-01 
 1.2305122228995105e-03  9.9251293383966139e+00  5.0907031764482358e-01 
 1.2325042148915025e-03  9.9396386119427902e+00  5.2782280558573802e-01 
 1.2344962068834946e-03  9.9525908452433178e+00  5.4656530022499605e-01 
 1.2364881988754866e-03  9.9639840093362508e+00  5.6529472090495858e-01 
 1.2384801908674786e-03  9.9738163194871845e+00  5.8400798930387943e-01 
 1.2404721828594707e-03  9.9820862354688291e+00  6.0270202991754940e-01 
 1.2424641748514627e-03  9.9887924618022943e+00  6.2137377054050158e-01 
 1.2444561668434548e-03  9.9939339479600200e+00  6.4002014274670072e-01 
 1.2464481588354468e-03  9.9975098885303435e+00  6.5863808236964083e-01 
 1.2484401508274388e-03  9.9995197233436635e+00  6.7722452998177818e-01 
 1.2504321428194309e-03  9.9999631375601936e+00  6.9577643137322109e-01 
 1.2524241348114229e-03  9.9988400617192834e+00  7.1429073802960508e-01 
 1.2544161268034149e-03  9.9961506717502964e+00  7.3276440760907657e-01 
 1.2564081187954070e-03  9.9918953889450464e+00  7.5119440441831076e-01 
 1.2584001107873990e-03  9.9860748798918149e+00  7.6957769988748859e-01 
 1.2603921027793911e-03  9.9786900563709171e+00  7.8791127304415987e-01 
 1.2623840947713831e-03  9.9697420752118795e+00  8.0619211098591703e-01 
 1.2643760867633751e-03  9.9592323381122210e+00  8.2441720935180474e-01 
 1.2663680787553672e-03  9.9471624914178811e+00  8.4258357279239471e-01 
 1.2683600707473592e-03  9.9335344258653056e+00  8.6068821543844820e-01 
 1.2703520627393512e-03  9.9183502762852918e+00  8.7872816136809562e-01 
 1.2723440547313433e-03  9.9016124212685384e+00  8.9670044507245805e-01 
 1.2743360467233353e-03  9.8833234827930578e+00  9.1460211191963969e-01 
 1.2763280387153274e-03  9.8634863258134402e+00  9.3243021861701703e-01 
 1.2783200307073194e-03  9.8421040578120547e+00  9.5018183367175224e-01 
 1.2803120226993114e-03  9.8191800283122745e+00  9.6785403784946034e-01 
 1.2823040146913035e-03  9.7947178283537681e+00  9.8544392463095687e-01 
 1.2842960066832955e-03  9.7687212899299567e+00  1.0029486006670141e+00 
 1.2862879986752875e-03  9.7411944853877550e+00  1.0203651862310561e+00 
 1.2882799906672796e-03  9.7121417267896213e+00  1.0376908156697207e+00 
 1.2902719826592716e-03  9.6815675652380708e+00  1.0549226378512166e+00 
 1.2922639746512637e-03  9.6494767901627796e+00  1.0720578166114103e+00 
 1.2942559666432557e-03  9.6158744285702795e+00  1.0890935311975662e+00 
 1.2962479586352477e-03  9.5807657442565066e+00  1.1060269767096738e+00 
 1.2982399506272398e-03  9.5441562369822357e+00  1.1228553645392940e+00 
 1.3002319426192318e-03  9.5060516416115153e+00  1.1395759228058535e+00 
 1.3022239346112238e-03  9.4664579272133267e+00  1.1561858967903209e+00 
 1.3042159266032159e-03  9.4253812961265311e+00  1.1726825493661945e+00 
 1.3062079185952079e-03  9.3828281829882592e+00  1.1890631614277358e+00 
 1.3081999105872000e-03  9.3388052537259583e+00  1.2053250323153804e+00 
 1.3101919025791920e-03  9.2933194045131451e+00  1.2214654802382610e+00 
 1.3121838945711840e-03  9.2463777606891320e+00  1.2374818426937759e+00 
 1.3141758865631761e-03  9.1979876756428780e+00  1.2533714768841373e+00 
 1.3161678785551681e-03  9.1481567296610162e+00  1.2691317601298320e+00 
 1.3181598705471601e-03  9.0968927287404640e+00  1.2847600902799345e+00 
 1.3201518625391522e-03  9.0442037033656142e+00  1.3002538861192026e+00 
 1.3221438545311442e-03  8.9900979072503233e+00  1.3156105877718971e+00 
 1.3241358465231362e-03  8.9345838160449915e+00  1.3308276571022573e+00 
 1.3261278385151283e-03  8.8776701260088835e+00  1.3459025781115734e+00 
 1.3281198305071203e-03  8.8193657526478137e+00  1.3608328573317918e+00 
 1.3301118224991124e-03  8.7596798293175695e+00  1.3756160242155921e+00 
 1.3321038144911044e-03  8.6986217057931619e+00  1.3902496315228752e+00 
 1.3340958064830964e-03  8.6362009468041894e+00  1.4047312557036002e+00 
 1.3360877984750885e-03  8.5724273305365237e+00  1.4190584972769127e+00 
 1.3380797904670805e-03  8.5073108471005892e+00  1.4332289812065009e+00 
 1.3400717824590725e-03  8.4408616969663655e+00  1.4472403572721275e+00 
 1.3420637744510646e-03  8.3730902893655248e+00  1.4610903004372726e+00 
 1.3440557664430566e-03  8.3040072406608214e+00  1.4747765112128330e+00 
 1.3460477584350487e-03  8.2336233726830290e+00  1.4882967160168215e+00 
 1.3480397504270407e-03  8.1619497110357511e+00  1.5016486675300065e+00 
 1.3500317424190327e-03  8.0889974833681997e+00  1.5148301450474420e+00 
 1.3520237344110248e-03  8.0147781176164195e+00  1.5278389548258269e+00 
 1.3540157264030168e-03  7.9393032402131558e+00  1.5406729304266429e+00 
 1.3560077183950088e-03  7.8625846742664613e+00  1.5533299330550150e+00 
 1.3579997103870009e-03  7.7846344377077159e+00  1.5658078518942447e+00 
 1.3599917023789929e-03  7.7054647414090072e+00  1.5781046044359597e+00 
 1.3619836943709850e-03  7.6250879872702502e+00  1.5902181368058306e+00 
 1.3639756863629770e-03  7.5435167662764684e+00  1.6021464240848031e+00 
 1.3659676783549690e-03  7.4607638565254542e+00  1.6138874706257953e+00 
 1.3679596703469611e-03  7.3768422212260170e+00  1.6254393103658118e+00 
 1.3699516623389531e-03  7.2917650066673447e+00  1.6368000071334223e+00 
 1.3719436543309451e-03  7.2055455401596404e+00  1.6479676549515592e+00 
 1.3739356463229372e-03  7.1181973279463939e+00  1.6589403783355887e+00 
 1.3759276383149292e-03  7.0297340530886299e+00  1.6697163325866029e+00 
 1.3779196303069213e-03  6.9401695733215067e+00  1.6802937040798920e+00 
 1.3799116222989133e-03  6.8495179188834339e+00  1.6906707105485501e+00 
 1.3819036142909053e-03  6.7577932903183004e+00  1.7008456013621687e+00 
 1.3838956062828974e-03  6.6650100562509342e+00  1.7108166578005775e+00 
 1.3858875982748894e-03  6.5711827511362682e+00  1.7205821933225831e+00 
 1.3878795902668814e-03  6.4763260729825678e+00  1.7301405538296724e+00 
 1.3898715822588735e-03  6.3804548810489150e+00  1.7394901179246338e+00 
 1.3918635742508655e-03  6.2835841935175516e+00  1.7486292971650546e+00 
 1.3938555662428576e-03  6.1857291851413461e+00  1.7575565363116583e+00 
 1.3958475582348496e-03  6.0869051848665308e+00  1.7662703135714428e+00 
 1.3978395502268416e-03  5.9871276734315604e+00  1.7747691408355790e+00 
 1.3998315422188337e-03  5.8864122809420385e+00  1.7830515639120341e+00 
 1.4018235342108257e-03  5.7847747844222059e+00  1.7911161627528820e+00 
 1.4038155262028177e-03  5.6822311053435168e+00  1.7989615516762660e+00 
 1.4058075181948098e-03  5.5787973071305865e+00  1.8065863795829826e+00 
 1.4077995101868018e-03  5.4744895926447761e+00  1.8139893301676429e+00 
 1.4097915021787939e-03  5.3693243016460857e+00  1.8211691221243895e+00 
 1.4117834941707859e-03  5.2633179082335166e+00  1.8281245093471292e+00 
 1.4137754861627779e-03  5.1564870182643974e+00  1.8348542811242534e+00 
 1.4157674781547700e-03  5.0488483667531430e+00  1.8413572623278152e+00 
 1.4177594701467620e-03  4.9404188152496333e+00  1.8476323135971326e+00 
 1.4197514621387540e-03  4.8312153491979188e+00  1.8536783315167897e+00 
 1.4217434541307461e-03  4.7212550752754376e+00  1.8594942487890094e+00 
 1.4237354461227381e-03  4.6105552187132686e+00  1.8650790344003667e+00 
 1.4257274381147302e-03  4.4991331205977856e+00  1.8704316937828216e+00 
 1.4277194301067222e-03  4.3870062351542485e+00  1.8755512689690437e+00 
 1.4297114220987142e-03  4.2741921270125101e+00  1.8804368387420007e+00 
 1.4317034140907063e-03  4.1607084684555744e+00  1.8850875187787959e+00 
 1.4336954060826983e-03  4.0465730366512851e+00  1.8895024617887233e+00 
 1.4356873980746903e-03  3.9318037108674613e+00  1.8936808576455251e+00 
 1.4376793900666824e-03  3.8164184696711025e+00  1.8976219335138267e+00 
 1.4396713820586744e-03  3.7004353881121972e+00  1.9013249539697319e+00 
 1.4416633740506665e-03  3.5838726348921131e+00  1.9047892211155577e+00 
 1.4436553660426585e-03  3.4667484695175403e+00  1.9080140746886938e+00 
 1.4456473580346505e-03  3.3490812394402001e+00  1.9109988921645638e+00 
 1.4476393500266426e-03  3.2308893771826241e+00  1.9137430888536797e+00 
 1.4496313420186346e-03  3.1121913974507702e+00  1.9162461179927675e+00 
 1.4516233340106266e-03  2.9930058942336899e+00  1.9185074708299528e+00 
 1.4536153260026187e-03  2.8733515378907679e+00  1.9205266767039950e+00 
 1.4556073179946107e-03  2.7532470722270865e+00  1.9223033031175540e+00 
 1.4575993099866028e-03  2.6327113115571139e+00  1.9238369558044797e+00 
 1.4595913019785948e-03  2.5117631377575194e+00  1.9251272787911129e+00 
 1.4615832939705868e-03  2.3904214973093167e+00  1.9261739544515892e+00 
 1.4635752859625789e-03  2.2687053983299053e+00  1.9269767035571383e+00 
 1.4655672779545709e-03  2.1466339075954415e+00  1.9275352853193650e+00 
 1.4675592699465629e-03  2.0242261475541028e+00  1.9278494974275149e+00 
 1.4695512619385550e-03  1.9015012933304618e+00  1.9279191760797083e+00 
 1.4715432539305470e-03  1.7784785697217631e+00  1.9277441960081472e+00 
 1.4735352459225391e-03  1.6551772481864178e+00  1.9273244704982828e+00 
 1.4755272379145311e-03  1.5316166438250516e+00  1.9266599514019476e+00 
 1.4775192299065231e-03  1.4078161123547841e+00  1.9257506291444459e+00 
 1.4795112218985152e-03  1.2837950470773221e+00  1.9245965327256025e+00 
 1.4815032138905072e-03  1.1595728758408304e+00  1.9231977297147684e+00 
 1.4834952058824992e-03  1.0351690579966391e+00  1.9215543262397881e+00 
 1.4854871978744913e-03  9.1060308135099632e-01  1.9196664669699259e+00 
 1.4874791898664833e-03  7.8589445911220590e-01  1.9175343350927576e+00 
 1.4894711818584754e-03  6.6106272683396217e-01  1.9151581522850265e+00 
 1.4914631738504674e-03  5.3612743935509577e-01  1.9125381786774700e+00 
 1.4934551658424594e-03  4.1110816773629844e-01  1.9096747128136289e+00 
 1.4954471578344515e-03  2.8602449619439585e-01  1.9065680916026355e+00 
 1.4974391498264435e-03  1.6089601903438153e-01  1.9032186902659931e+00 
 1.4994311418184355e-03  3.5742337580030321e-02  1.8996269222783559e+00 
 1.5014231338104276e-03 -8.9416942896569582e-02  1.8957932393023178e+00 
 1.5034151258024196e-03 -2.1456221624635216e-01  1.8917181311172191e+00 
 1.5054071177944117e-03 -3.3967387851440856e-01  1.8874021255419822e+00 
 1.5073991097864037e-03 -4.6473233101095657e-01  1.8828457883519907e+00 
 1.5093911017783957e-03 -5.8971798338155546e-01  1.8780497231900246e+00 
 1.5113830937703878e-03 -7.1461125667587422e-01  1.8730145714712616e+00 
 1.5133750857623798e-03 -8.3939258641467218e-01  1.8677410122823634e+00 
 1.5153670777543718e-03 -9.6404242565465548e-01  1.8622297622746631e+00 
 1.5173590697463639e-03 -1.0885412480505154e+00  1.8564815755514672e+00 
 1.5193510617383559e-03 -1.2128695509135625e+00  1.8504972435494915e+00 
 1.5213430537303479e-03 -1.3370078582670095e+00  1.8442775949144512e+00 
 1.5233350457223400e-03 -1.4609367238967157e+00  1.8378234953708217e+00 
 1.5253270377143320e-03 -1.5846367343975531e+00  1.8311358475857926e+00 
 1.5273190297063241e-03 -1.7080885122144351e+00  1.8242155910274360e+00 
 1.5293110216983161e-03 -1.8312727186778224e+00  1.8170637018171083e+00 
 1.5313030136903081e-03 -1.9541700570331169e+00  1.8096811925761143e+00 
 1.5332950056823002e-03 -2.0767612754635070e+00  1.8020691122666526e+00 
 1.5352869976742922e-03 -2.1990271701056878e+00  1.7942285460270697e+00 
 1.5372789896662842e-03 -2.3209485880582417e+00  1.7861606150014482e+00 
 1.5392709816582763e-03 -2.4425064303818824e+00  1.7778664761635541e+00 
 1.5412629736502683e-03 -2.5636816550912234e+00  1.7693473221351734e+00 
 1.5432549656422604e-03 -2.6844552801378736e+00  1.7606043809988667e+00 
 1.5452469576342524e-03 -2.8048083863838076e+00  1.7516389161051662e+00 
 1.5472389496262444e-03 -2.9247221205650620e+00  1.7424522258742523e+00 
 1.5492309416182365e-03 -3.0441776982451749e+00  1.7330456435921355e+00 
 1.5512229336102285e-03 -3.1631564067577109e+00  1.7234205372013778e+00 
 1.5532149256022205e-03 -3.2816396081375387e+00  1.7135783090863865e+00 
 1.5552069175942126e-03 -3.3996087420405625e+00  1.7035203958533121e+00 
 1.5571989095862046e-03 -3.5170453286511276e+00  1.6932482681045880e+00 
 1.5591909015781967e-03 -3.6339309715768895e+00  1.6827634302081447e+00 
 1.5611828935701887e-03 -3.7502473607306195e+00  1.6720674200613341e+00 
 1.5631748855621807e-03 -3.8659762751984057e+00  1.6611618088496070e+00 
 1.5651668775541728e-03 -3.9810995860940492e+00  1.6500482007999706e+00 
 1.5671588695461648e-03 -4.0955992593988819e+00  1.6387282329292747e+00 
 1.5691508615381568e-03 -4.2094573587868060e+00  1.6272035747873608e+00 
 1.5711428535301489e-03 -4.3226560484340091e+00  1.6154759281951170e+00 
 1.5731348455221409e-03 -4.4351775958129549e+00  1.6035470269774779e+00 
 1.5751268375141330e-03 -4.5470043744701165e+00  1.5914186366914105e+00 
 1.5771188295061250e-03 -4.6581188667872411e+00  1.5790925543489323e+00 
 1.5791108214981170e-03 -4.7685036667254375e+00  1.5665706081352022e+00 
 1.5811028134901091e-03 -4.8781414825517562e+00  1.5538546571217278e+00 
 1.5830948054821011e-03 -4.9870151395480953e+00  1.5409465909747362e+00 
 1.5850867974740931e-03 -5.0951075827014636e+00  1.5278483296587522e+00 
 1.5870787894660852e-03 -5.2024018793756657e+00  1.5145618231354323e+00 
 1.5890707814580772e-03 -5.3088812219638619e+00  1.5010890510577002e+00 
 1.5910627734500693e-03 -5.4145289305214312e+00  1.4874320224592303e+00 
 1.5930547654420613e-03 -5.5193284553788367e+00  1.4735927754393310e+00 
 1.5950467574340533e-03 -5.6232633797342038e+00  1.4595733768432768e+00 
 1.5970387494260454e-03 -5.7263174222249527e+00  1.4453759219381355e+00 
 1.5990307414180374e-03 -5.8284744394782804e+00  1.4310025340841450e+00 
 1.6010227334100294e-03 -5.9297184286400295e+00  1.4164553644016920e+00 
 1.6030147254020215e-03 -6.0300335298814680e+00  1.4017365914339392e+00 
 1.6050067173940135e-03 -6.1294040288838127e+00  1.3868484208051615e+00 
 1.6069987093860056e-03 -6.2278143592998134e+00  1.3717930848748374e+00 
 1.6089907013779976e-03 -6.3252491051922277e+00  1.3565728423875549e+00 
 1.6109826933699896e-03 -6.4216930034487252e+00  1.3411899781187853e+00 
 1.6129746853619817e-03 -6.5171309461728537e+00  1.3256468025165777e+00 
 1.6149666773539737e-03 -6.6115479830506381e+00  1.3099456513392369e+00 
 1.6169586693459657e-03 -6.7049293236926211e+00  1.2940888852890322e+00 
 1.6189506613379578e-03 -6.7972603399507223e+00  1.2780788896420041e+00 
 1.6209426533299498e-03 -6.8885265682097065e+00  1.2619180738739186e+00 
 1.6229346453219419e-03 -6.9787137116529561e+00  1.2456088712824338e+00 
 1.6249266373139339e-03 -7.0678076425020784e+00  1.2291537386055345e+00 
 1.6269186293059259e-03 -7.1557944042299058e+00  1.2125551556362970e+00 
 1.6289106212979180e-03 -7.2426602137468974e+00  1.1958156248340404e+00 
 1.6309026132899100e-03 -7.3283914635602123e+00  1.1789376709319306e+00 
 1.6328946052819020e-03 -7.4129747239052746e+00  1.1619238405410961e+00 
 1.6348865972738941e-03 -7.4963967448496192e+00  1.1447767017513146e+00 
 1.6368785892658861e-03 -7.5786444583684371e+00  1.1274988437283375e+00 
 1.6388705812578782e-03 -7.6597049803916857e+00  1.1100928763079150e+00 
 1.6408625732498702e-03 -7.7395656128223891e+00  1.0925614295865811e+00 
 1.6428545652418622e-03 -7.8182138455257384e+00  1.0749071535092674e+00 
 1.6448465572338543e-03 -7.8956373582888766e+00  1.0571327174538083e+00 
 1.6468385492258463e-03 -7.9718240227507975e+00  1.0392408098124031e+00 
 1.6488305412178383e-03 -8.0467619043022705e+00  1.0212341375700977e+00 
 1.6508225332098304e-03 -8.1204392639553831e+00  1.0031154258803587e+00 
 1.6528145252018224e-03 -8.1928445601824649e+00  9.8488741763779886e-01 
 1.6548065171938145e-03 -8.2639664507240234e+00  9.6655287304812487e-01 
 1.6567985091858065e-03 -8.3337937943655565e+00  9.4811456919537607e-01 
 1.6587905011777985e-03 -8.4023156526827982e+00  9.2957529960651641e-01 
 1.6607824931697906e-03 -8.4695212917551839e+00  9.1093787381345503e-01 
 1.6627744851617826e-03 -8.5354001838473668e+00  8.9220511691255755e-01 
 1.6647664771537746e-03 -8.5999420090583847e+00  8.7337986912172183e-01 
 1.6667584691457667e-03 -8.6631366569381942e+00  8.5446498533508441e-01 
 1.6687504611377587e-03 -8.7249742280715612e+00  8.3546333467542988e-01 
 1.6707424531297508e-03 -8.7854450356287259e+00  8.1637780004437122e-01 
 1.6727344451217428e-03 -8.8445396068828970e+00  7.9721127767037225e-01 
 1.6747264371137348e-03 -8.9022486846941167e+00  7.7796667665468433e-01 
 1.6767184291057269e-03 -8.9585632289594042e+00  7.5864691851526589e-01 
 1.6787104210977189e-03 -9.0134744180288688e+00  7.3925493672875875e-01 
 1.6807024130897109e-03 -9.0669736500876397e+00  7.1979367627059065e-01 
 1.6826944050817030e-03 -9.1190525445032975e+00  7.0026609315327881e-01 
 1.6846863970736950e-03 -9.1697029431387485e+00  6.8067515396300426e-01 
 1.6866783890656871e-03 -9.2189169116301546e+00  6.6102383539453025e-01 
 1.6886703810576791e-03 -9.2666867406298650e+00  6.4131512378453859e-01 
 1.6906623730496711e-03 -9.3130049470140790e+00  6.2155201464345611e-01 
 1.6926543650416632e-03 -9.3578642750550802e+00  6.0173751218584492e-01 
 1.6946463570336552e-03 -9.4012576975578117e+00  5.8187462885942887e-01 
 1.6966383490256472e-03 -9.4431784169607358e+00  5.6196638487283290e-01 
 1.6986303410176393e-03 -9.4836198664006339e+00  5.4201580772210578e-01 
 1.7006223330096313e-03 -9.5225757107412967e+00  5.2202593171610268e-01 
 1.7026143250016234e-03 -9.5600398475659460e+00  5.0199979750080115e-01 
 1.7046063169936154e-03 -9.5960064081331797e+00  4.8194045158262461e-01 
 1.7065983089856074e-03 -9.6304697582962593e+00  4.6185094585084946e-01 
 1.7085903009775995e-03 -9.6634244993857585e+00  4.4173433709916904e-01 
 1.7105822929695915e-03 -9.6948654690552090e+00  4.2159368654649026e-01 
 1.7125742849615835e-03 -9.7247877420898217e+00  4.0143205935703768e-01 
 1.7145662769535756e-03 -9.7531866311780000e+00  3.8125252415983990e-01 
 1.7165582689455676e-03 -9.7800576876456056e+00  3.6105815256767454e-01 
 1.7185502609375596e-03 -9.8053967021528390e+00  3.4085201869554621e-01 
 1.7205422529295517e-03 -9.8291997053536448e+00  3.2063719867877316e-01 
 1.7225342449215437e-03 -9.8514629685174864e+00  3.0041677019075830e-01 
 1.7245262369135358e-03 -9.8721830041134737e+00  2.8019381196051985e-01 
 1.7265182289055278e-03 -9.8913565663566647e+00  2.5997140329005736e-01 
 1.7285102208975198e-03 -9.9089806517165222e+00  2.3975262357162888e-01 
 1.7305022128895119e-03 -9.9250524993874265e+00  2.1954055180501417e-01 
 1.7324942048815039e-03 -9.9395695917211384e+00  1.9933826611484082e-01 
 1.7344861968734959e-03 -9.9525296546211912e+00  1.7914884326804748e-01 
 1.7364781888654880e-03 -9.9639306578991320e+00  1.5897535819156097e-01 
 1.7384701808574800e-03 -9.9737708155925571e+00  1.3882088349026206e-01 
 1.7404621728494721e-03 -9.9820485862448578e+00  1.1868848896531568e-01 
 1.7424541648414641e-03 -9.9887626731467130e+00  9.8581241132940992e-02 
 1.7444461568334561e-03 -9.9939120245392097e+00  7.8502202743697042e-02 
 1.7464381488254482e-03 -9.9974958337785989e+00  5.8454432302358680e-02 
 1.7484301408174402e-03 -9.9995135394626562e+00  3.8440983588458377e-02 
 1.7504221328094322e-03 -9.9999648255186280e+00  1.8464905177568935e-02 
 1.7524141248014243e-03 -9.9988496212527380e+00 -1.4707600365979881e-03 
 1.7544061167934163e-03 -9.9961681013612758e+00 -2.1362975319202511e-02 
 1.7563981087854084e-03 -9.9919206859032101e+00 -4.1208710570321723e-02 
 1.7583901007774004e-03 -9.9861080402344040e+00 -6.1004942799954873e-02 
 1.7603820927693924e-03 -9.9787310749033757e+00 -8.0748656601914090e-02 
 1.7623740847613845e-03 -9.9697909455086755e+00 -1.0043684462652643e-01 
 1.7643660767533765e-03 -9.9592890525178408e+00 -1.2006650805207322e-01 
 1.7663580687453685e-03 -9.9472270410480341e+00 -1.3963465705489275e-01 
 1.7683500607373606e-03 -9.9336068006083273e+00 -1.5913831127807282e-01 
 1.7703420527293526e-03 -9.9184304648037021e+00 -1.7857450029865959e-01 
 1.7723340447213447e-03 -9.9017004110008386e+00 -1.9794026409330984e-01 
 1.7743260367133367e-03 -9.8834192599556960e+00 -2.1723265350231305e-01 
 1.7763180287053287e-03 -9.8635898754029618e+00 -2.3644873069191133e-01 
 1.7783100206973208e-03 -9.8422153636074601e+00 -2.5558556961484447e-01 
 1.7803020126893128e-03 -9.8192990728775591e+00 -2.7464025646904783e-01 
 1.7822940046813048e-03 -9.7948445930406489e+00 -2.9360989015443162e-01 
 1.7842859966732969e-03 -9.7688557548808017e+00 -3.1249158272766914e-01 
 1.7862779886652889e-03 -9.7413366295386830e+00 -3.3128245985492427e-01 
 1.7882699806572810e-03 -9.7122915278738020e+00 -3.4997966126244556e-01 
 1.7902619726492730e-03 -9.6817249997892390e+00 -3.6858034118495775e-01 
 1.7922539646412650e-03 -9.6496418335188743e+00 -3.8708166881177958e-01 
 1.7942459566332571e-03 -9.6160470548773276e+00 -4.0548082873059810e-01 
 1.7962379486252491e-03 -9.5809459264726744e+00 -4.2377502136883083e-01 
 1.7982299406172411e-03 -9.5443439468820497e+00 -4.4196146343250525e-01 
 1.8002219326092332e-03 -9.5062468497902906e+00 -4.6003738834258823e-01 
 1.8022139246012252e-03 -9.4666606030917908e+00 -4.7800004666869600e-01 
 1.8042059165932173e-03 -9.4255914079555918e+00 -4.9584670656011703e-01 
 1.8061979085852093e-03 -9.3830456978539836e+00 -5.1357465417408132e-01 
 1.8081899005772013e-03 -9.3390301375547420e+00 -5.3118119410120646e-01 
 1.8101818925691934e-03 -9.2935516220770236e+00 -5.4866364978805726e-01 
 1.8121738845611854e-03 -9.2466172756113192e+00 -5.6601936395674990e-01 
 1.8141658765531774e-03 -9.1982344504034561e+00 -5.8324569902153622e-01 
 1.8161578685451695e-03 -9.1484107256028206e+00 -6.0034003750230225e-01 
 1.8181498605371615e-03 -9.0971539060751532e+00 -6.1729978243491723e-01 
 1.8201418525291536e-03 -9.0444720211798568e+00 -6.3412235777836734e-01 
 1.8221338445211456e-03 -8.9903733235122463e+00 -6.5080520881861270e-01 
 1.8241258365131376e-03 -8.9348662876107614e+00 -6.6734580256910025e-01 
 1.8261178285051297e-03 -8.8779596086294390e+00 -6.8374162816787509e-01 
 1.8281098204971217e-03 -8.8196622009758148e+00 -6.9999019727122413e-01 
 1.8301018124891137e-03 -8.7599831969145168e+00 -7.1608904444379129e-01 
 1.8320938044811058e-03 -8.6989319451366480e+00 -7.3203572754510471e-01 
 1.8340857964730978e-03 -8.6365180092953509e+00 -7.4782782811245296e-01 
 1.8360777884650899e-03 -8.5727511665076630e+00 -7.6346295174005163e-01 
 1.8380697804570819e-03 -8.5076414058229251e+00 -7.7893872845444156e-01 
 1.8400617724490739e-03 -8.4411989266580036e+00 -7.9425281308605900e-01 
 1.8420537644410660e-03 -8.3734341371995864e+00 -8.0940288563691909e-01 
 1.8440457564330580e-03 -8.3043576527736835e+00 -8.2438665164435532e-01 
 1.8460377484250500e-03 -8.2339802941827820e+00 -8.3920184254075947e-01 
 1.8480297404170421e-03 -8.1623130860107871e+00 -8.5384621600926358e-01 
 1.8500217324090341e-03 -8.0893672548959827e+00 -8.6831755633530916e-01 
 1.8520137244010262e-03 -8.0151542277724062e+00 -8.8261367475404950e-01 
 1.8540057163930182e-03 -7.9396856300798246e+00 -8.9673240979352764e-01 
 1.8559977083850102e-03 -7.8629732839425994e+00 -9.1067162761358056e-01 
 1.8579897003770023e-03 -7.7850292063177999e+00 -9.2442922234041280e-01 
 1.8599816923689943e-03 -7.7058656071126874e+00 -9.3800311639678957e-01 
 1.8619736843609863e-03 -7.6254948872720831e+00 -9.5139126082779535e-01 
 1.8639656763529784e-03 -7.5439296368357489e+00 -9.6459163562210970e-01 
 1.8659576683449704e-03 -7.4611826329661701e+00 -9.7760225002874690e-01 
 1.8679496603369625e-03 -7.3772668379470012e+00 -9.9042114286921301e-01 
 1.8699416523289545e-03 -7.2921953971525779e+00 -1.0030463828450280e+00 
 1.8719336443209465e-03 -7.2059816369886311e+00 -1.0154760688405673e+00 
 1.8739256363129386e-03 -7.1186390628047560e+00 -1.0277083302211762e+00 
 1.8759176283049306e-03 -7.0301813567787939e+00 -1.0397413271265068e+00 
 1.8779096202969226e-03 -6.9406223757735228e+00 -1.0515732507590330e+00 
 1.8799016122889147e-03 -6.8499761491659772e+00 -1.0632023236677022e+00 
 1.8818936042809067e-03 -6.7582568766497975e+00 -1.0746268000266728e+00 
 1.8838855962728988e-03 -6.6654789260107812e+00 -1.0858449659090972e+00 
 1.8858775882648908e-03 -6.5716568308762122e+00 -1.0968551395559094e+00 
 1.8878695802568828e-03 -6.4768052884382152e+00 -1.1076556716395720e+00 
 1.8898615722488749e-03 -6.3809391571513636e+00 -1.1182449455227410e+00 
 1.8918535642408669e-03 -6.2840734544051680e+00 -1.1286213775118099e+00 
 1.8938455562328589e-03 -6.1862233541715863e+00 -1.1387834171052937e+00 
 1.8958375482248510e-03 -6.0874041846280234e+00 -1.1487295472370109e+00 
 1.8978295402168430e-03 -5.9876314257562271e+00 -1.1584582845140283e+00 
 1.8998215322088351e-03 -5.8869207069172749e+00 -1.1679681794493304e+00 
 1.9018135242008271e-03 -5.7852878044032954e+00 -1.1772578166891770e+00 
 1.9038055161928191e-03 -5.6827486389661068e+00 -1.1863258152351113e+00 
 1.9057975081848112e-03 -5.5793192733232342e+00 -1.1951708286605889e+00 
 1.9077895001768032e-03 -5.4750159096416828e+00 -1.2037915453221881e+00 
 1.9097814921687952e-03 -5.3698548869999287e+00 -1.2121866885653720e+00 
 1.9117734841607873e-03 -5.2638526788283189e+00 -1.2203550169247686e+00 
 1.9137654761527793e-03 -5.1570258903285850e+00 -1.2282953243189367e+00 
 1.9157574681447713e-03 -5.0493912558726164e+00 -1.2360064402395923e+00 
 1.9177494601367634e-03 -4.9409656363810388e+00 -1.2434872299352566e+00 
 1.9197414521287554e-03 -4.8317660166819367e+00 -1.2507365945893065e+00 
 1.9217334441207475e-03 -4.7218095028502534e+00 -1.2577534714923935e+00 
 1.9237254361127395e-03 -4.6111133195280170e+00 -1.2645368342092040e+00 
 1.9257174281047315e-03 -4.4996948072262377e+00 -1.2710856927395413e+00 
 1.9277094200967236e-03 -4.3875714196084123e+00 -1.2773990936736952e+00 
 1.9297014120887156e-03 -4.2747607207564782e+00 -1.2834761203420813e+00 
 1.9316934040807076e-03 -4.1612803824193882e+00 -1.2893158929591237e+00 
 1.9336853960726997e-03 -4.0471481812448449e+00 -1.2949175687613603e+00 
 1.9356773880646917e-03 -3.9323819959945738e+00 -1.3002803421397460e+00 
 1.9376693800566838e-03 -3.8169998047436926e+00 -1.3054034447661365e+00 
 1.9396613720486758e-03 -3.7010196820643513e+00 -1.3102861457139314e+00 
 1.9416533640406678e-03 -3.5844597961944276e+00 -1.3149277515728586e+00 
 1.9436453560326599e-03 -3.4673384061914585e+00 -1.3193276065578781e+00 
 1.9456373480246519e-03 -3.3496738590723716e+00 -1.3234850926121962e+00 
 1.9476293400166439e-03 -3.2314845869394131e+00 -1.3273996295043646e+00 
 1.9496213320086360e-03 -3.1127891040928333e+00 -1.3310706749194554e+00 
 1.9516133240006280e-03 -2.9936060041305312e+00 -1.3344977245442962e+00 
 1.9536053159926198e-03 -2.8739539570354387e+00 -1.3376803121467515e+00 
 1.9555973079846117e-03 -2.7538517062508787e+00 -1.3406180096490377e+00 
 1.9575892999766035e-03 -2.6333180657443434e+00 -1.3433104271950598e+00 
 1.9595812919685953e-03 -2.5123719170604124e+00 -1.3457572132117630e+00 
 1.9615732839605871e-03 -2.3910322063628491e+00 -1.3479580544644845e+00 
 1.9635652759525789e-03 -2.2693179414667415e+00 -1.3499126761062996e+00 
 1.9655572679445708e-03 -2.1472481888609893e+00 -1.3516208417213527e+00 
 1.9675492599365626e-03 -2.0248420707214407e+00 -1.3530823533621701e+00 
 1.9695412519285544e-03 -1.9021187619154651e+00 -1.3542970515809445e+00 
 1.9715332439205462e-03 -1.7790974869982701e+00 -1.3552648154547875e+00 
 1.9735252359125380e-03 -1.6557975172012602e+00 -1.3559855626049473e+00 
 1.9755172279045299e-03 -1.5322381674133467e+00 -1.3564592492099887e+00 
 1.9775092198965217e-03 -1.4084387931551388e+00 -1.3566858700129312e+00 
 1.9795012118885135e-03 -1.2844187875470481e+00 -1.3566654583223465e+00 
 1.9814932038805053e-03 -1.1601975782712259e+00 -1.3563980860074136e+00 
 1.9834851958724972e-03 -1.0357946245283640e+00 -1.3558838634869321e+00 
 1.9854771878644890e-03 -9.1122941398927892e-01 -1.3551229397122999e+00 
 1.9874691798564808e-03 -7.8652145974231735e-01 -1.3541155021444480e+00 
 1.9894611718484726e-03 -6.6169029723649708e-01 -1.3528617767247477e+00 
 1.9914531638404644e-03 -5.3675548122143002e-01 -1.3513620278398872e+00 
 1.9934451558324563e-03 -4.1173658268395313e-01 -1.3496165582807245e+00 
 1.9954371478244481e-03 -2.8665318578239596e-01 -1.3476257091951249e+00 
 1.9974291398164399e-03 -1.6152488477878291e-01 -1.3453898600347898e+00 
 1.9987145699082200e-03 -8.0765076584353598e-02 -1.3438171896061086e+00 
 2.0000000000000000e-03 -4.8985871965894130e-15 -1.3421427916434046e+00 
